# TREE SHAPE PARAMETERS
n           = 1000 leaves
r           = 1/100
lambdaA     = 1.6765100539857060
lambdaB     = 167.65100539857060
ultrametric = no, gamma rate = 0.0000000000000001

# SEQUENCE EVOLUTION PARAMETERS
length      = 300
