# TREE SHAPE PARAMETERS
n           = 1000 leaves
r           = 1/1
lambdaA     = 16.765100539857060
lambdaB     = 16.765100539857060
ultrametric = no, gamma rate = 29.499596919355366

# SEQUENCE EVOLUTION PARAMETERS
length      = 300
alpha       = 5.256
