# TREE SHAPE PARAMETERS
n           = 1000 leaves
r           = 1/1000
lambdaA     = 0.16915835709546085
lambdaB     = 169.15835709546085
ultrametric = no, gamma rate = 29.518173529892621

# SEQUENCE EVOLUTION PARAMETERS
length      = 300
