# TREE SHAPE PARAMETERS
n           = 1000 leaves
r           = 1/100
lambdaA     = 0.33530201079714
lambdaB     = 33.53020107971412
ultrametric = no, gamma rate = 29.518173529892621

# SEQUENCE EVOLUTION PARAMETERS
length      = 300
alpha       = 5.256
