# TREE SHAPE PARAMETERS
n           = 1000 leaves
r           = 1/10000
lambdaA     = 0.16765100539857060
lambdaB     = 1676.5100539857060
ultrametric = no, gamma rate = 29.518173529892621

# SEQUENCE EVOLUTION PARAMETERS
length      = 300
