# TREE SHAPE PARAMETERS
n           = 1000 leaves
r           = 1/100
lambdaA     = 8.38255026992853
lambdaB     = 838.255026992853
ultrametric = no, gamma rate = 29.518173529892621

# SEQUENCE EVOLUTION PARAMETERS
length      = 300
alpha       = 5.256
