# TREE SHAPE PARAMETERS
n           = 1000 leaves
r           = 1/1000
lambdaA     = 0.53015902907666816
lambdaB     = 530.15902907666816
ultrametric = no, gamma rate = 29.518173529892621

# SEQUENCE EVOLUTION PARAMETERS
length      = 300
