# TREE SHAPE PARAMETERS
n           = 1000 leaves
r           = 1/100
lambdaA     = 0.83825502699285
lambdaB     = 83.8255026992853
ultrametric = no, gamma rate = 29.518173529892621

# SEQUENCE EVOLUTION PARAMETERS
length      = 300
alpha       = 5.256
