# TREE SHAPE PARAMETERS
n           = 1000 leaves
r           = 1/10
lambdaA     = 5.3015902907666816
lambdaB     = 53.015902907666816
ultrametric = no, gamma rate = 29.518173529892621

# SEQUENCE EVOLUTION PARAMETERS
length      = 300
alpha       = 5.256
