# TREE SHAPE PARAMETERS
n           = 1000 leaves
r           = 1/100
lambdaA     = 1.6765100539857060
lambdaB     = 167.65100539857060
ultrametric = no, gamma rate = 5.90363470597852

# SEQUENCE EVOLUTION PARAMETERS
length      = 300
alpha       = 5.256
