# TREE SHAPE PARAMETERS
n           = 1000 leaves
r           = 1
lambdaA     = 84.663757726278155
lambdaB     = 84.663757726278155
ultrametric = no, gamma rate = 29.518173529892621

# SEQUENCE EVOLUTION PARAMETERS
length      = 300
